n,gamma,mu,x,cost
2,0.1,1,array([ 2.30253248]),0.430258509438
2,0.2,1,array([ 1.60940582]),0.72188758259
2,0.3,1,array([ 1.20397238]),0.961191841298
3,0.3,1,array([ 1.42989358,  1.51301015]),1.703118104
2,0.4,1,array([ 0.91628198]),1.16651629276
2,0.5,1,array([ 0.69314676]),1.34657359028
2,0.6,1,array([ 0.51082563]),1.50649537426
3,0.4,1,array([ 1.13345711,  1.25580424]),2.04055362859
2,0.7,1,array([ 0.35667369]),1.64967246076
2,0.8,1,array([ 0.22314349]),1.77851484105
2,0.9,1,array([ 0.10535977]),1.89482446409
3,0.5,1,array([ 0.88899512,  1.05274422]),2.31985755412
3,0.6,1,array([ 0.67577547,  0.88124667]),2.54848085543
3,0.1,1,array([ 2.47547673,  2.4929678 ]),0.77950925869
4,0.5,1,array([ 0.94835459,  1.33318741,  1.09945584]),3.3397100742
3,0.7,1,array([ 0.48296977,  0.72738383]),2.73042250965
3,0.2,1,array([ 1.82569041,  1.87316742]),1.29340893774
3,0.8,1,array([ 0.3049431 ,  0.57815354]),2.86741074975
3,0.9,1,array([ 0.14040863,  0.41029084]),2.95908518741
4,0.6,1,array([ 0.73229451,  1.14068235,  0.93674726]),3.64815624883
4,0.7,1,array([ 0.5313949 ,  0.95432533,  0.79404414]),3.8756349642
4,0.1,1,array([ 2.49737418,  2.68750842,  2.50619829]),1.13139512734
4,0.8,1,array([ 0.33950404,  0.75981102,  0.66078442]),4.01927206209
4,0.2,1,array([ 1.86494831,  2.13068255,  1.89657536]),1.87515237799
5,0.7,1,array([ 0.55684862,  1.04352869,  1.04949145,  0.81584841]),5.0570702358
4,0.9,1,array([ 0.15607168,  0.52808118,  0.51899358]),4.07003494397
4,0.3,1,array([ 1.48064018,  1.79674736,  1.54462225]),2.46613180949
4,0.4,1,array([ 1.19081506,  1.5451869 ,  1.29487836]),2.94831750365
5,0.8,1,array([ 0.35938245,  0.83748756,  0.87550367,  0.68927377]),5.21034625216
5,0.1,1,array([ 2.50250749,  2.71389322,  2.70422506,  2.50892036]),1.48391088337
5,0.9,1,array([ 0.16590485,  0.58111815,  0.67493107,  0.56044895]),5.21382062823
5,0.2,1,array([ 1.87718291,  2.18089417,  2.16228264,  1.90246297]),2.46017528587
5,0.3,1,array([ 1.49901151,  1.86492784,  1.84087901,  1.55330259]),3.23707588844
6,0.9,1,array([ 0.1728268 ,  0.6139023 ,  0.74452162,  0.7354281 ,  0.58029261]),6.3818843899
5,0.4,1,array([ 1.2139396 ,  1.62633815,  1.60085468,  1.30626058]),3.87032170236
5,0.5,1,array([ 0.97460997,  1.42248837,  1.40038096,  1.11368153]),4.38126135849
5,0.6,1,array([ 0.75955089,  1.23303207,  1.22056891,  0.95421287]),4.77732747334
6,0.1,1,array([ 2.50405648,  2.72031767,  2.73175268,  2.70784783,  2.50957123]),1.8366116669
6,0.2,1,array([ 1.88189341,  2.19710331,  2.21539201,  2.17071745,  1.90447275]),3.04647154987
6,0.3,1,array([ 1.50711694,  1.89043397,  1.91378982,  1.85395399,  1.55655631]),4.01156698294
6,0.4,1,array([ 1.22511179,  1.65999858,  1.68856605,  1.61847786,  1.31072603]),4.79934601015
6,0.5,1,array([ 0.98824665,  1.46291511,  1.49819596,  1.42270044,  1.11947245]),5.43439068847
7,0.1,1,array([ 2.50455885,  2.72217916,  2.73848651,  2.73548908,  2.70888239,
        2.50970731]),2.18937333458
6,0.6,1,array([ 0.77473945,  1.27828921,  1.32328921,  1.24808162,  0.96162235]),5.92342089289
6,0.7,1,array([ 0.57206669,  1.09077562,  1.15100708,  1.08350745,  0.82537334]),6.26086669944
6,0.8,1,array([ 0.37223657,  0.88199446,  0.96758558,  0.91892916,  0.70215971]),6.42767106968
7,0.2,1,array([ 1.88390388,  2.20356202,  2.23278357,  2.22475923,  2.17377507,
        1.90516936]),3.63331987226
7,0.3,1,array([ 1.51102429,  1.90193977,  1.94146984,  1.92873229,  1.85918811,
        1.55792625]),4.7878182593
8,0.2,1,array([ 1.88485375,  2.20632907,  2.23968144,  2.24273484,  2.22818783,
        2.17491464,  1.90549549]),4.22042539398
7,0.4,1,array([ 1.23109787,  1.67654172,  1.7254991 ,  1.709034  ,  1.62585843,
        1.31279613]),5.73217967879
7,0.5,1,array([ 0.99607624,  1.48428335,  1.54296295,  1.52423015,  1.43246178,
        1.12229269]),6.494258147
7,0.6,1,array([ 0.78398777,  1.30382013,  1.37409164,  1.35556018,  1.26054256,
        0.96530948]),7.07999350886
7,0.7,1,array([ 0.5819029 ,  1.11919072,  1.20505645,  1.19086393,  1.09936188,
        0.83025807]),7.47938838499
7,0.8,1,array([ 0.38107125,  0.91068757,  1.02029971,  1.01804476,  0.93981637,
        0.70894522]),7.66349669633
8,0.3,1,array([ 1.51315897,  1.90762695,  1.95406634,  1.95743458,  1.93482854,
        1.86146174,  1.55862515]),5.56500579753
7,0.9,1,array([ 0.1779734 ,  0.63669816,  0.78704467,  0.81363632,  0.76608403,
        0.59123831]),7.56857968643
8,0.4,1,array([ 1.23453309,  1.68555417,  1.74385926,  1.74744516,  1.71782434,
        1.62939687,  1.31392958]),6.66722027242
8,0.1,1,array([ 2.5047657 ,  2.72280242,  2.74054288,  2.74231455,  2.73667805,
        2.70912287,  2.50978909]),2.54215652657
8,0.5,1,array([ 1.00087499,  1.49664989,  1.56686328,  1.57115089,  1.53599025,
        1.43731791,  1.12387326]),7.5582912616
9,0.4,1,array([ 1.23661828,  1.69076857,  1.75390787,  1.76672971,  1.75709478,
        1.72214203,  1.63130269,  1.31452133]),7.60360163058
8,0.6,1,array([ 0.78996723,  1.31944538,  1.40293783,  1.4091544 ,  1.37062444,
        1.26697147,  0.96743903]),8.24341754887
8,0.7,1,array([ 0.58858972,  1.13759874,  1.23768953,  1.24836939,  1.210019  ,
        1.10779745,  0.8331    ]),8.70807284368
8,0.8,1,array([ 0.38746128,  0.93040243,  1.05421173,  1.07497015,  1.0430701 ,
        0.9512916 ,  0.7129915 ]),8.91286816785
8,0.9,1,array([ 0.18196454,  0.65356587,  0.81629576,  0.86132657,  0.84949861,
        0.78374395,  0.59787434]),8.76997889641
9,0.5,1,array([ 1.00394779,  1.50430167,  1.58081004,  1.59635769,  1.58407571,
        1.54203132,  1.44009509,  1.1247477 ]),8.62501684952
9,0.6,1,array([ 0.79400201,  1.32963713,  1.42073508,  1.43972075,  1.42577566,
        1.37863163,  1.27073519,  0.96869765]),9.41150675104
9,0.1,1,array([ 2.50477278,  2.72309407,  2.74121785,  2.7444717 ,  2.74347636,
        2.73685732,  2.70924584,  2.50988065]),2.89494771146
10,0.6,1,array([ 0.79681389,  1.33656358,  1.43237381,  1.45866421,  1.45737561,
        1.43474448,  1.38336359,  1.27306396,  0.96948974]),10.5828741928
9,0.7,1,array([ 0.59335201,  1.15019137,  1.2588994 ,  1.28320554,  1.26952056,
        1.22049729,  1.11286916,  0.83484415]),9.94402593143
9,0.2,1,array([ 1.8853013 ,  2.20763188,  2.24273859,  2.24982376,  2.24635492,
        2.22961578,  2.17546901,  1.90568658]),4.80765695309
9,0.8,1,array([ 0.39223899,  0.9446682 ,  1.0775669 ,  1.11164558,  1.10247553,
        1.05716578,  0.95834209,  0.71548974]),10.1724538268
9,0.3,1,array([ 1.51431986,  1.91071039,  1.96042647,  1.97055343,  1.96397625,
        1.93759818,  1.86262649,  1.55900515]),6.34271667462
9,0.9,1,array([ 0.18515088,  0.66657624,  0.83779224,  0.89400823,  0.90043169,
        0.87055137,  0.7948357 ,  0.60217199]),9.9832373611
10,0.7,1,array([ 0.59682065,  1.1591478 ,  1.27345021,  1.30593775,  1.30573311,
        1.28128875,  1.22684383,  1.11607316,  0.83597361]),11.1853255692
10,0.8,1,array([ 0.3958805 ,  0.95531975,  1.09442701,  1.13692394,  1.14085868,
        1.11826569,  1.065919  ,  0.96287906,  0.71716095]),11.4399241543
10,0.1,1,array([ 2.50482175,  2.72320726,  2.74150412,  2.74522866,  2.74566454,
        2.7437555 ,  2.73704143,  2.70924842,  2.50990772]),3.24774197546
11,0.8,1,array([ 0.3987416 ,  0.96347282,  1.1070207 ,  1.15519512,  1.16739905,
        1.15778599,  1.12815819,  1.0716722 ,  0.96595851,  0.71833039]),12.71359858
10,0.9,1,array([ 0.18775691,  0.67681441,  0.85436942,  0.91799289,  0.93523979,
        0.92364398,  0.88406387,  0.80219354,  0.605137  ]),11.2062287501
10,0.2,1,array([ 1.8855676 ,  2.20822927,  2.24424068,  2.25302493,  2.25364096,
        2.24775463,  2.23026512,  2.17568426,  1.9057219 ]),5.39495262197
10,0.3,1,array([ 1.51499951,  1.91239832,  1.96384937,  1.97723774,  1.97738405,
        1.96697311,  1.93902995,  1.86327008,  1.55916984]),7.12073115024
10,0.4,1,array([ 1.2378905 ,  1.69396927,  1.75983244,  1.77731243,  1.77684174,
        1.76190397,  1.72450034,  1.63235052,  1.31492061]),8.54082740691
10,0.5,1,array([ 1.00599523,  1.50924552,  1.58947856,  1.61113698,  1.6100151 ,
        1.5908258 ,  1.54548207,  1.44172592,  1.12529531]),9.69354313747
11,0.9,1,array([ 0.18990042,  0.68515049,  0.86741208,  0.93636951,  0.96078665,
        0.96000494,  0.93867082,  0.89317071,  0.80736799,  0.60723457]),12.4373230271
11,0.1,1,array([ 2.50475357,  2.7233367 ,  2.74151472,  2.74544722,  2.74631154,
        2.74601261,  2.74387925,  2.73712667,  2.70925641,  2.50998819]),3.60053745577
11,0.2,1,array([ 1.88564322,  2.2086177 ,  2.24490114,  2.25451964,  2.25678862,
        2.25513831,  2.24847571,  2.23054893,  2.17582133,  1.90578609]),5.98228184253
11,0.3,1,array([ 1.51538725,  1.91340899,  1.96576794,  1.98080886,  1.98419624,
        1.98056334,  1.96856898,  1.93977591,  1.86359258,  1.55930391]),7.89892689241
11,0.4,1,array([ 1.23874358,  1.69597578,  1.76342743,  1.78352843,  1.78780265,
        1.78189908,  1.76453272,  1.72585515,  1.63305143,  1.31510545]),9.47860021365
11,0.5,1,array([ 1.00739171,  1.51254112,  1.59513021,  1.62036079,  1.6253232 ,
        1.61719262,  1.59473938,  1.54757979,  1.44274976,  1.12566994]),10.7633066688
11,0.6,1,array([ 0.79882552,  1.34143237,  1.44032111,  1.47108834,  1.47706547,
        1.46700681,  1.44010788,  1.38634395,  1.27455686,  0.9700068 ]),11.7566040173
12,0.1,1,array([ 2.50477605,  2.72328798,  2.74155619,  2.74552216,  2.74658844,
        2.74662464,  2.74604453,  2.74396171,  2.73715305,  2.70927443,
        2.50992772]),3.95333342672
11,0.7,1,array([ 0.59941142,  1.1657215 ,  1.28383312,  1.32155627,  1.32943621,
        1.31836218,  1.28850027,  1.23096216,  1.11819413,  0.83672502]),12.4306480354
12,0.2,1,array([ 1.88571705,  2.20878487,  2.24529482,  2.25528006,  2.25833828,
        2.25837571,  2.25588961,  2.24877808,  2.23070361,  2.17587798,
        1.90579723]),6.56962902521
12,0.3,1,array([ 1.51564171,  1.91405701,  1.96692026,  1.982851  ,  1.98790091,
        1.98746826,  1.9822218 ,  1.9694116 ,  1.94020339,  1.86377338,
        1.55936566]),8.67723337054
12,0.4,1,array([ 1.23929343,  1.69729268,  1.76571757,  1.78739582,  1.79419933,
        1.79300685,  1.7847067 ,  1.76607571,  1.72668749,  1.63343343,
        1.31525936]),10.4167355184
13,0.1,1,array([ 2.50484704,  2.72326337,  2.74154807,  2.7455479 ,  2.74659811,
        2.74694691,  2.74672363,  2.74611497,  2.74396467,  2.73710084,
        2.70925221,  2.50988095]),4.30612960071
12,0.5,1,array([ 1.00836591,  1.51484443,  1.59890471,  1.62639631,  1.63486254,
        1.6328311 ,  1.62140805,  1.59708598,  1.54887767,  1.44342567,
        1.12588964]),11.8339390946
12,0.6,1,array([ 0.80032124,  1.34491374,  1.44589052,  1.47959761,  1.48999755,
        1.48715934,  1.47283027,  1.4435367 ,  1.38828367,  1.27554445,
        0.97034667]),12.9320716272
12,0.7,1,array([ 0.60139069,  1.1706433 ,  1.2914574 ,  1.33274263,  1.34575185,
        1.34270984,  1.32618566,  1.29322108,  1.23371097,  1.11963917,
        0.83725047]),13.6790544236
12,0.8,1,array([ 0.4010184 ,  0.9698541 ,  1.11669729,  1.16883305,  1.18661229,
        1.18516519,  1.16848521,  1.1347508 ,  1.07562031,  0.96814151,
        0.71918528]),13.9922332429
12,0.9,1,array([ 0.1916977 ,  0.69201274,  0.87794536,  0.95088794,  0.98035135,
        0.98663841,  0.97612776,  0.94895193,  0.89959743,  0.81113755,
        0.60877829]),13.6752444883
13,0.2,1,array([ 1.88573873,  2.20886087,  2.24546688,  2.25567854,  2.25910475,
        2.25992552,  2.25909459,  2.25621071,  2.24896693,  2.23079938,
        2.17593827,  1.90581839]),7.15698599772
13,0.3,1,array([ 1.51578059,  1.91441802,  1.96760002,  1.98406304,  1.99000299,
        1.99122205,  1.98916409,  1.98313913,  1.96987915,  1.94044824,
        1.86389693,  1.55940678]),9.4556087686
13,0.8,1,array([ 0.40287548,  0.97485012,  1.12428635,  1.17931538,  1.20098936,
        1.20503612,  1.19647744,  1.17571321,  1.13931077,  1.07838429,
        0.96977876,  0.71980656]),15.2748876072
13,0.4,1,array([ 1.23965617,  1.69811854,  1.76729059,  1.78979286,  1.79816232,
        1.79961554,  1.79597294,  1.78637812,  1.7669773 ,  1.72716163,
        1.63370581,  1.31536077]),11.355115542
13,0.6,1,array([ 0.80140794,  1.34752493,  1.44986734,  1.48570421,  1.49877661,
        1.50050564,  1.49323769,  1.47656306,  1.44567244,  1.38969797,
        1.27618839,  0.97061808]),14.1088396502
13,0.9,1,array([ 0.19330431,  0.69779059,  0.88658016,  0.96253626,  0.99575176,
        1.00700998,  1.00354056,  0.98725377,  0.95634417,  0.90433154,
        0.81393631,  0.60996609]),14.9189773369
13,0.5,1,array([ 1.00908865,  1.51632936,  1.60167729,  1.63032366,  1.64117368,
        1.64266133,  1.63719279,  1.6239829 ,  1.59869322,  1.54964929,
        1.4438537 ,  1.12613732]),12.905192862
13,0.7,1,array([ 0.60290794,  1.1744123 ,  1.29711649,  1.34099484,  1.35751846,
        1.35948509,  1.35106154,  1.33130569,  1.29640502,  1.23557699,
        1.12076186,  0.837567  ]),14.9298623245
14,0.8,1,array([ 0.40434506,  0.97896987,  1.13023557,  1.18751786,  1.21202602,
        1.21991242,  1.21676571,  1.20410439,  1.18079213,  1.14271364,
        1.08058968,  0.97097755,  0.72028824]),16.5608374818
14,0.2,1,array([ 1.88575252,  2.20890098,  2.24556657,  2.25590429,  2.25953589,
        2.26073374,  2.26069694,  2.25950057,  2.25633258,  2.24909422,
        2.23083453,  2.17592698,  1.90578633]),7.74434838769
14,0.4,1,array([ 1.23990861,  1.6987373 ,  1.76821957,  1.79143222,  1.8007717 ,
        1.80365517,  1.80266777,  1.79763387,  1.78738658,  1.76758632,
        1.72749906,  1.63382459,  1.31543095]),12.2936633463
14,0.5,1,array([ 1.00959892,  1.51750942,  1.60357269,  1.63312008,  1.6453464 ,
        1.64909047,  1.64715974,  1.63985859,  1.62565823,  1.59972146,
        1.55019242,  1.44419366,  1.1262482 ]),13.9768977208
14,0.1,1,array([ 2.50480964,  2.72329646,  2.74157827,  2.74556046,  2.74668876,
        2.74697741,  2.74700842,  2.74681449,  2.74611739,  2.74402454,
        2.73710539,  2.70924572,  2.50989098]),4.65892585843
14,0.7,1,array([ 0.60408049,  1.17731772,  1.3015714 ,  1.34716619,  1.36606565,
        1.37167994,  1.36814196,  1.35647428,  1.33475944,  1.29860719,
        1.23699975,  1.12153474,  0.83785029]),16.182565454
14,0.9,1,array([ 0.19443647,  0.7026392 ,  0.89384719,  0.97223259,  1.00832761,
        1.02324253,  1.0246295 ,  1.01527829,  0.9952212 ,  0.96171596,
        0.90783628,  0.81602564,  0.61082263]),16.1677007563
14,0.6,1,array([ 0.80225896,  1.34944826,  1.45283331,  1.48997573,  1.50524959,
        1.50948377,  1.50689672,  1.497074  ,  1.47905015,  1.44719504,
        1.39059021,  1.27669482,  0.97086762]),15.2865949753
14,0.3,1,array([ 1.51590128,  1.91462274,  1.96799556,  1.98480656,  1.99123435,
        1.99337798,  1.99298021,  1.9901193 ,  1.98361409,  1.97018377,
        1.94060225,  1.86396796,  1.55941629]),10.2340277273
15,0.9,1,array([ 0.19554785,  0.70676396,  0.89991731,  0.9802309 ,  1.01858719,
        1.03632747,  1.04133291,  1.03681763,  1.02371035,  1.0011362 ,
        0.96584185,  0.91058447,  0.81766489,  0.61151801]),17.4207430648
15,0.5,1,array([ 1.00994185,  1.51841315,  1.6046869 ,  1.63530499,  1.64825939,
        1.65345345,  1.65363507,  1.65007897,  1.64165453,  1.62670514,
        1.60025919,  1.55073062,  1.44439442,  1.12625812]),15.0489343173
15,0.3,1,array([ 1.51595185,  1.91476202,  1.96825998,  1.98528004,  1.99200316,
        1.9946487 ,  1.99513596,  1.99396045,  1.99063527,  1.98386035,
        1.97040735,  1.9406688 ,  1.86404221,  1.55941182]),11.0124745776
15,0.7,1,array([ 0.60507424,  1.17964567,  1.30498942,  1.35199777,  1.37246414,
        1.38056377,  1.38058256,  1.37378227,  1.36025018,  1.33725143,
        1.30034122,  1.23791924,  1.12214394,  0.83806134]),17.4367815651
15,0.1,1,array([ 2.50480479,  2.72328633,  2.74159462,  2.74554027,  2.74671378,
        2.74701802,  2.74709891,  2.74706728,  2.74683733,  2.74611075,
        2.74405803,  2.73710054,  2.70926002,  2.50990194]),5.0117221521
15,0.4,1,array([ 1.24012439,  1.69914687,  1.76883254,  1.79265256,  1.80233828,
        1.8063204 ,  1.80676877,  1.80446047,  1.79873692,  1.78801445,
        1.76799538,  1.72772325,  1.63394686,  1.31545535]),13.2323277002
15,0.8,1,array([ 0.40561957,  0.98232506,  1.13516423,  1.19405886,  1.22069849,
        1.23140567,  1.23204778,  1.22472712,  1.20947141,  1.18440248,
        1.14506084,  1.08206003,  0.97188699,  0.72065428]),17.8495164619
15,0.2,1,array([ 1.88580756,  2.20892414,  2.24561403,  2.25601048,  2.25973428,
        2.26112842,  2.26144793,  2.26102738,  2.25965191,  2.25638248,
        2.24916564,  2.23082331,  2.17595197,  1.90582755]),8.33171381118
15,0.6,1,array([ 0.80289036,  1.35090798,  1.45511776,  1.49315633,  1.50973953,
        1.516053  ,  1.51607102,  1.51098859,  1.49975349,  1.48071087,
        1.44831204,  1.39123423,  1.27706562,  0.97096008]),16.4651092182
